001001010110010011
001111000010110110
001010110001111011
001011101000110110
001100011000001101
010100111101111101
001011110010110000
010001101000000100
001011100011001001
010010100110010100
001110000101110011
001111111111000010
001000010101101100
010011010111100000
001010111101100010
001100011001000100
001111111001111000
001111001001010001
001101001011010000
001101010110001101
010010100011101101
010001011011001111
010100100011101111
010000111101110111
010001001000000011
010001010001100010
010100000001001001
001111110011000111
010001101011001000
001101100100110101
010011101010011011
001111001010010000
