10011010
01100011
11101010
00000000
01110110
01101100
01110101
11000101
01010010
11001000
01111000
00001001
00101101
10111000
01111001
00100111
01010111
10011011
00110001
10111101
00111110
11101010
01000100
11000011
00110000
01001001
00010111
10010011
10101110
10001011
01101100
10100100
10100101
10101101
10100010
11110001
00110101
10110101
00111100
00011110
10011011
01110011
01110101
10101001
11000101
01011001
10101001
01101010
11010111
11010101
01000001
10011101
10010101
10001010
11011110
01000011
01010001
00011110
11110000
10100101
01111010
10100011
10001011
10100101
